2599
5274
7423
8395
12015
13448
15602
19576
19755
29380
31220
36539
39526
45349
52837
61780
63391
66273
72288
78745
79730
102210
104032
104052
118270
122205
122389
126083
129926
130046
136017
140863
160190
168723
181550
182271
182452
190966
192272
194086
195878
197186
199197
204790
213146
218271
218770
227193
228760
230682
230736
231682
236384
243844
245998
255343
260992
263073
265045
267958
268011
268217
273668
281095
285618
293383
306352
311843
319230
320311
323952
324004
339282
341471
345804
349396
350261
359983
360196
362011
362527
363257
372547
390557
395696
398079
400331
405503
409923
411559
414545
420902
423646
424100
424673
429391
436598
442428
443341
443376
454812
460284
463962
505366
521654
523138
524822
525777
566268
570117
578012
581195
589641
589655
602226
603222
604385
606219
608688
610360
611685
614701
615576
620885
624855
625844
638782
641179
645296
799018
826523
830027
830597
839097
842390
851556
853836
854684
855514
877190
878405
879256
882226
884908
886751
888883
890496
892117
892757
896359
900993
919341
922436
923209
926248
934258
936672
938555
939170
946653
950551
960753
966045
966638
972341
973421
982284
985055
986273
997232
1000874
1004445
1004665
1006825
1007514
1007831
1011339
1011794
1016487
1020391
1025101
1028713
1030761
1036639
1037852
1042382
1045785
1046758
1047314
1048776
1054814
1059716
1066347
1069991
1075074
1077880
1082666
1095513
1100894
1107378
1109732
1112082
1121577
1125681
1138718
1145889
1147744
1148593
1150579
1153319
1162293
1174275
1175665
1188845
1193531
1194591
1195075
1205665
1214139
1216792
1216905
1217883
1225504
1228323
1233939
1234079
1237785
1252190
1252242
1257127
1257853
1258553
1261817
1266586
1266673
1269326
1269863
1278383
1281665
1283335
1285663
1287395
1292099
1292351
1298181
1299272
1301451
1304405
1304707
1306814
1308049
1308950
1318676
1326222
1327542
1333062
1336151
1336815
1340467
1342329
1345504
1347419
1347849
1361608
1379653
1381997
1383418
1390163
1398980
1404562
1410193
1416469
1418490
1418512
1421055
1427156
1427271
1429418
1444952
1450112
1459711
1461736
1465817
1470562
1478576
1480659
1481484
1483483
1484594
1500317
1500560
1516839
1517020
1517708
1518700
1520543
1530426
1534186
1538012
1554252
1555987
1560653
1574659
1582585
1584770
1586711
1588354
1604603
1607633
1616677
1628505
1634899
1666957
1671527
1680050
1682221
1686543
1697384
1703237
1724063
1726069
1736283
1743242
1744332
1745301
1745881
1754702
1763534
1765768
1767168
1769985
1770181
1772405
1778061
1779686
1781420
1781901
1781940
1785662
1789590
1801254
1801793
1816219
1824330
1825555
1827951
1830495
1832336
1833002
1837032
1842481
1851796
1863556
1865539
1865864
1872849
1877725
1879209
1888916
1891426
1899401
1901971
1902450
1902470
1916141
1921338
1922659
1929457
1930187
1936218
1936349
1936559
1940131
1941065
1960489
1975232
1981276
1982453
1985314
1985997
1986304
1988738
1992992
1994270
1996236
1999402
2005391
2005661
2009816
2010121
2011047
2011824
2012154
2016812
2025073
2028237
2033597
2035119
2035450
2043845
2054039
2055219
2060697
2069628
2096010
2113405
2114406
2115086
2132944
2135211
2136570
2138432
2139382
2140470
2148972
2150633
2163003
2166713
2173120
2174149
2186319
2190933
2198993
2206046
2218911
2220398
2223671
2243486
2244745
2257283
2268370
2273088
2280489
2288090
2297164
2302270
2310399
2312189
2315390
2323452
2323491
2326958
2332687
2336164
2336279
2337773
2338214
2341804
2343606
2351155
2360236
2361342
2361575
2367497
2371895
2374788
2380116
2389901
2390683
2398117
2405641
2413328
2414601
2418982
2422368
2426391
2430767
2437627
2443186
2461445
2461731
2478448
2495422
2514184
2520071
2541216
2542527
2545424
2545845
2553518
2555569
2582021
2582200
2585183
2589320
2595710
2599811
2600131
2614557
2614758
2622168
2683862
2691450
2691651
2701826
2703472
2713060
2724460
2726975
2733688
2734971
2737472
2748218
2750365
2751204
2751214
2751527
2757849
2762239
2767741
2768684
2773104
2774835
2775583
2776417
2797324
2797683
2806319
2806520
2814170
2858628
2871189
2872604
2873828
2875870
2876426
2880327
2880947
2882231
2884637
2893042
2901322
2902105
2907560
2922229
2922661
2926908
2937497
2937935
2938146
2939112
2940177
2946471
2948326
2960172
2960616
2969190
2973849
2987042
2990762
2999971
3007095
3011718
3012640
3015700
3025121
3026628
3027577
3036873
3045514
3053644
3059009
3070889
3073241
3084683
3088757
3090492
3110984
3120819
3125232
3127013
3129145
3133584
3152056
3152126
3162892
3190038
3192291
3197584
3197996
3202708
3208557
3216007
3221604
3221698
3224645
3235761
3237152
3237636
3237761
3242583
3243754
3267070
3275266
3276596
3281645
3283590
3287185
3289266
3292693
3303000
3304227
3309703
3310839
3312380
3312394
3323598
3332752
3335326
3343149
3349650
3350010
3353435
3367211
3370313
3371130
3372644
3375753
3383037
3388078
3395033
3399753
3404872
3410373
3412565
3421117
3427822
3433981
3444741
3449483
3451222
3457014
3471671
3480756
3498188
3499696
3502644
3510037
3521636
3528070
3539951
3540388
3547121
3552475
3567482
3602164
3613497
3615266
3625356
3628285
3631459
3636135
3644401
3678456
3685809
3700145
3717601
3718748
3719907
3726515
3728671
3730101
3744349
3747677
3760794
3767983
3769768
3773515
3774177
3778411
3778496
3783885
3787886
3798804
3799230
3801356
3804048
3804232
3804937
3805788
3812250
3812397
3822911
3831909
3860776
3862933
3885214
3886393
3902388
3930940
3934896
3941680
3941689
3947127
3949338
3974012
3981799
3997470
3997574
4001162
4005474
4012359
4013558
4023019
4023266
4023470
4023819
4023828
4036052
4037365
4047006
4050620
4065609
4068689
4069281
4085476
4095284
4111676
4122829
4124415
4133870
4135644
4139965
4146741
4154576
4160075
4178936
4206216
4211827
4212610
4233202
4234199
4237248
4238472
4255576
4288847
4296494
4296695
4306872
4308505
4329039
4351317
4351994
4370455
4406194
4406228
4407899
4414160
4417343
4436003
4564469
4574061
4575702
4581601
4585884
4586085
4594003
4655620
4669253
4674373
4674693
4678772
4690606
4696535
4699267
4703006
4703041
4716841
4717189
4719327
4734479
4738350
4747590
4748666
4752370
4758835
4762663
4765896
4775846
4784350
4812928
4818246
4821312
4838583
4861065
4867238
4872358
4873765
4875263
4877485
4877981
4903283
4903657
4926798
4926919
4927719
4930238
4930776
4934188
4944954
4948602
4961355
4966846
4985324
5004184
5007489
5023130
5024755
5041551
5042232
5042615
5044727
5046059
5052938
5060433
5067214
5068376
5089453
5104340
5107908
5110500
5111253
5111911
5119584
5123118
5123769
5123830
5124809
5130181
5141161
5151950
5158143
5159139
5169036
5170161
5171157
5172784
5175205
5177649
5178170
5190371
5192254
5194716
5202997
5204305
5207466
5223819
5238060
5244820
5245504
5252834
5254573
5274156
5275217
5281756
5287848
5290576
5309166
5310943
5317050
5322597
5326578
5342445
5344777
5345100
5345414
5345902
5346377
5356395
5364353
5374600
5388708
5397321
5406275
5406799
5418682
5419042
5441446
5442280
5443028
5444758
5449178
5450121
5492478
5492679
5502856
5504496
5514166
5525571
5528086
5534809
5536092
5538569
5549449
5551589
5552428
5552438
5552747
5559097
5563487
5568982
5569925
5574345
5576072
5576820
5577654
5600044
5600404
5604755
5609038
5609239
5616807
5632748
5663429
5682094
5685273
5691543
5693214
5693248
5704341
5729031
5753192
5772799
5795260
5795937
5814430
5839091
5850158
5850192
5851863
5858143
5860256
5860814
5862121
5870084
5873273
5874898
5887127
5887661
5890462
5894996
5902660
5903796
5903830
5908296
5908840
5943766
5946086
5952532
5952701
5968201
5971183
5976634
5978344
5993731
6011856
6020526
6030203
6052982
6053372
6056448
6069357
6073732
6078124
6078276
6078702
6079320
6094569
6095912
6098004
6102632
6103935
6104676
6107017
6111642
6113517
6121227
6125915
6131965
6137501
6148956
6158313
6167196
6168026
6172173
6176955
6179781
6182188
6182402
6190793
6204130
6219631
6223181
6225422
6226641
6261119
6284879
6286341
6289021
6302134
6312337
6314734
6344011
6346748
6347270
6349422
6365813
6373612
6386245
6390470
6392107
6394257
6401136
6405403
6407040
6414318
6414589
6429886
6431689
6437221
6439806
6440314
6441884
6444235
6445459
6446421
6452740
6455574
6455897
6481229
6484820
6487790
6496484
6523161
6527212
6530399
6544764
6545548
6564604
6567034
6576870
6583057
6588608
6589199
6596289
6604166
6608087
6612207
6614256
6630304
6637513
6639384
6641680
6659384
6660937
6664253
6667645
6674613
6682854
6687353
6695551
6697960
6707577
6716774
6721099
6722802
6722814
6733935
6735147
6735218
6744622
6748008
6753889
6754235
6755148
6758839
6759022
6760871
6762298
6766656
6777835
6778118
6778776
6784997
6789386
6789537
6801445
6807144
6812538
6813537
6820968
6827657
6833749
6838703
6840783
6844280
6857125
6864800
6866865
6874500
6879146
6884753
6887783
6892789
6893557
6893747
6898797
6902325
6909897
6913564
6915192
6959835
6965408
6970876
6971952
6973420
6983679
6985957
6988198
6991604
6992534
7002571
7003882
7007613
7017869
7018995
7020855
7021653
7030990
7044475
7046728
7052395
7063351
7066864
7072775
7075172
7076142
7086507
7090153
7093579
7097401
7097944
7101271
7102210
7104912
7106208
7113320
7119063
7121251
7123183
7125433
7125745
7125985
7134343
7134761
7137637
7143392
7150542
7150725
7163227
7163338
7168465
7175342
7179322
7186097
7200280
7200698
7215766
7218121
7234273
7242290
7245077
7253599
7255180
7259796
7263451
7264747
7268860
7269662
7270016
7271410
7271467
7272027
7285713
7289336
7292297
7297952
7308475
7317699
7318269
7318520
7324038
7326009
7337699
7337933
7338131
7339280
7341093
7350104
7365308
7382040
7382723
7389333
7390415
7425791
7435972
7466506
7479751
7480282
7481999
7483771
7485673
7495433
7498003
7511363
7518120
7519236
7528398
7536237
7542497
7545726
7553311
7587916
7598074
7615290
7616666
7617086
7626186
7626787
7684213
7687638
7695327
7700791
7704495
7706125
7709581
7709605
7710781
7715134
7721921
7734222
7736692
7759920
7760123
7766343
7773875
7779176
7801641
7817086
7817857
7825751
7834746
7838581
7867051
7869820
7884636
7895085
7904687
7923660
7927158
7932386
7940277
7942049
7946375
7951699
7952474
7953264
7959431
7977317
7981615
7991545
7991701
7999342
8024302
8027983
8037524
8041200
8046851
8060363
8062042
8075960
8083339
8083586
8088460
8110714
8120546
8133215
8138198
8145904
8148305
8148870
8151340
8155651
8164225
8165805
8173581
8191622
8192615
8198081
8208905
8209106
8213758
8218198
8223466
8225305
8226849
8229889
8235775
8236478
8237242
8242431
8247688
8248562
8254555
8261790
8271145
8278003
8283287
8289238
8289936
8294376
8295658
8321767
8326721
8331774
8342516
8343538
8348627
8350211
8358956
8370803
8375762
8379687
8386735
8404274
8413218
8417714
8419716
8425733
8433809
8437023
8440091
8443623
8454222
8466296
8469285
8483092
8499177
8500477
8503775
8504376
8505876
8507020
8516226
8521776
8539753
8542729
8544244
8547587
8551230
8557578
8563174
8567311
8572885
8585830
8588858
8610892
8611252
8611924
8617579
8617838
8619192
8619595
8626446
8627043
8631110
8649923
8661349
8661729
8665882
8669061
8671329
8672640
8674971
8677332
8678613
8679237
8680440
8681020
8684282
8687540
8688288
8689339
8698382
8700751
8701666
8707909
8715770
8718059
8718866
8720981
8722003
8722796
8723851
8724292
8724513
8726504
8728975
8739193
8741315
8750355
8765399
8766586
8776220
8789177
8796951
8808585
8819308
8827127
8828619
8834200
8834942
8837468
8849569
8849658
8854092
8860954
8882588
8890903
8895209
8902794
8904933
8905333
8908056
8908879
8919987
8920001
8926593
8959138
8961671
8984596
9010196
9010798
9034932
9045096
9046106
9047043
9047411
9056017
9061647
9063760
9071121
9072888
9074020
9074719
9078380
9079011
9083747
9085062
9087555
9094607
9097577
9102075
9121971
9126096
9130308
9130423
9134557
9139795
9142410
9143290
9151152
9151797
9159572
9169230
9180128
9186673
9192450
9204256
9205304
9212454
9216091
9217813
9236238
9236891
9241793
9247362
9252453
9258103
9277155
9277908
9280211
9301264
9311740
9313660
9320409
9327314
9328206
9330079
9330168
9342463
9343687
9355167
9357962
9364295
9375906
9376055
9384199
9386054
9394491
9398546
9407189
9408861
9409907
9432216
9434016
9435145
9445790
9460249
9460799
9465245
9471783
9472998
9475563
9497936
9509210
9518891
9531699
9537559
9539280
9545994
9546690
9556779
9561279
9561751
9572367
9577259
9604708
9614697
9617797
9622903
9628022
9631482
9634306
9636941
9640111
9641897
9651463
9652202
9653143
9670018
9702768
9735557
9738853
9750186
9750418
9759252
9762146
9766360
9769130
9771004
9782367
9792495
9805086
9820554
9822030
9824898
9825347
9828162
9829905
9835109
9846415
9846970
9854901
9855320
9858180
9861730
9868121
9880340
9888115
9891095
9893124
9904696
9906337
9910081
9912978
9914219
9927343
9930846
9933491
9936966
9938407
9940027
9947546
9948827
9954980
9956349
9965772
9973905
9978464
9979550
9981303
9985591
9987959
9992673
9994647
10002524
10004780
10014770
10019150
10021407
10021447
10022815
10023902
10037234
10043932
10044537
10046229
10046351
10051541
10056732
10067198
10073363
10074552
10079267
10091015
10097091
10102255
10107792
10109665
10109704
10114905
10121142
10124542
10134842
10144914
10150390
10153818
10168679
10171085
10171398
10174265
10174463
10175238
10182625
10198633
10204687
10208391
10232898
10234039
10236933
10237910
10240795
10241366
10243042
10244043
10252797
10253699
10259871
10261687
10270286
10270890
10272716
10273792
10282347
10283473
10285352
10290014
10301395
10303837
10307358
10313669
10326787
10328744
10335178
10337644
10339649
10341805
10351178
10351252
10353859
10364163
10401696
10408601
10409856
10413535
10418921
10425130
10429607
10432835
10438436
10440223
10444858
10459764
10461698
10465564
10466842
10475874
10479556
10483939
10484200
10498371
10507679
10528297
10532981
10534936
10540819
10542520
10545595
10549821
10553483
10553713
10557048
10562864
10570413
10571683
10572451
10575526
10580326
10587858
10591040
10593118
10593405
10594193
10598665
10601203
10605604
10611721
10614506
10621382
10621463
10629210
10633773
10641584
10653762
10659213
10662763
10676240
10683383
10689599
10696289
10701343
10703908
10707040
10708164
10710457
10710951
10715923
10727939
10731065
10731414
10734321
10736896
10737228
10743487
10743926
10744263
10747754
10751203
10757921
10767030
10776962
10780941
10782178
10802252
10803700
10804703
10813017
10813464
10822215
10823150
10830863
10833198
10839868
10847308
10855289
10857663
10859431
10865887
10878841
10881657
10889795
10893584
10894223
10901168
10904337
10912756
10930427
10939174
10942291
10942700
10951263
10962679
10977089
10978184
10978215
10980071
10989553
10990530
10991271
10996305
10997802
11000263
11000408
11009467
11014969
11033053
11033183
11033329
11037701
11039603
11054760
11061646
11072252
11086864
11120008
11123122
11123167
11147563
11149759
11160946
11163775
11163788
11167356
11173155
11176430
11181347
11187212
11189006
11200543
11215002
11218408
11225122
11228945
11245921
11245968
11250737
11261034
11265571
11283312
11287579
11292507
11309450
11310226
11311125
11312649
11315353
11317818
11319997
11321195
11324319
11330730
11339683
11340760
11351949
11352382
11371949
11374891
11382351
11383539
11383830
11385444
11385493
11394238
11398483
11404637
11408990
11412210
11418813
11420532
11448035
11452495
11453549
11459155
11463752
11469296
11478354
11481426
11481714
11483122
11490058
11506498
11507100
11512172
11512803
11513073
11523344
11527939
11533486
11537466
11541677
11546197
11547888
11558502
11559301
11561229
11561827
11579876
11583530
11597972
11602356
11602625
11621041
11622022
11632632
11637819
11649004
11650431
11663717
11666262
11676873
11690691
11693126
11693749
11696772
11709213
11714150
11717002
11723059
11752355
11752890
11760842
11771108
11778554
11785921
11797627
11802843
11807738
11814866
11825535
11827121
11837755
11843643
11851963
11852329
11854018
11857458
11868293
11869792
11876765
11877966
11884086
11885175
11909069
11912128
11912138
11923805
11931941
11948858
11963059
11963494
11971189
11974111
11978682
11981084
11981390
12003307
12016560
12017742
12022137
12022153
12023278
12024578
12052383
12054984
12059059
12059771
12062615
12065254
12065382
12070583
12074012
12076685
12082352
12086028
12086451
12093484
12094662
12094831
12096619
12099720
12105986
12115149
12141981
12147831
12148603
12152568
12158135
12172185
12176389
12183763
12189603
12197466
12208905
12225434
12227244
12228110
12232636
12237845
12244445
12244527
12244731
12247120
12249544
12254842
12255406
12256314
12260006
12262077
12263010
12267678
12271197
12272754
12279352
12286937
12290711
12292095
12295462
12295936
12301762
12307827
12312876
12319840
12320554
12330844
12336338
12340715
12345707
12350940
12356265
12357087
12358595
12361784
12374064
12383779
12386847
12390415
12390822
12394997
12407346
12412336
12414179
12418936
12419823
12424728
12425102
12427391
12429076
12433773
12434198
12437918
12443506
12446944
12447714
12454562
12456496
12457755
12458281
12465172
12465515
12468252
12473249
12473947
12475510
12487915
12493160
12493369
12495431
12495549
12496516
12501631
12513932
12514357
12520699
12521292
12521636
12526439
12527707
12528960
12531124
12535501
12535929
12546172
12552238
12553120
12582446
12588610
12589609
12591996
12596824
12597631
12601732
12616927
12617049
12620618
12643423
12650481
12659973
12662867
12663821
12664295
12665046
12667425
12672329
12678421
12681709
12686238
12690373
12691004
12694673
12696650
12696871
12699230
12705134
12707405
12708796
12711060
12725886
12727715
12730145
12734712
12738960
12742432
12743715
12748684
12754700
12754882
12754949
12757696
12763378
12766378
12777544
12779469
12790786
12792075
12795073
12796847
12797081
12799834
12799845
12800498
12800860
12804315
12810615
12810716
12811853
12815521
12816377
12818343
12820259
12822757
12823846
12830191
12832503
12840429
12840485
12852033
12860012
12862282
12865941
12866661
12867310
12869743
12871564
12874208
12879168
12893717
12896829
12903625
12903853
12905416
12907412
12910323
12912429
12926954
12928450
12931951
12935013
12939919
12942061
12946842
12947593
12951344
12960055
12962620
12962750
12966692
12968387
12969960
12970650
12973239
12974630
12975054
12978621
12981348
12981810
12982402
12988503
12989616
12999900
13001896
13009579
13009871
13013411
13021050
13026713
13027331
13029771
13031513
13035078
13035692
13037599
13040035
13043020
13045323
13050366
13054139
13062493
13065595
13075833
13087700
13091248
13096418
13111464
13112634
13119835
13124636
13128817
13131983
13132798
13133102
13134774
13135268
13135632
13138858
13145029
13146793
13151487
13151559
13151594
13154874
13158615
13162830
13168601
13168951
13170625
13176889
13181622
13182313
13182462
13189170
13190823
13198553
13201467
13207150
13209013
13211642
13217652
13218129
13219018
13219604
13221185
13238675
13241731
13243404
13249060
13249192
13250295
13250794
13251821
13256796
13258373
13259077
13261891
13265803
13268102
13271240
13275820
13278731
13279946
13286523
13288693
13293081
13296032
13298606
13299411
13301602
13303119
13305420
13308751
13322804
13326583
13329608
13335068
13340509
13340829
13343037
13344777
13348683
13349541
13353405
13358978
13363382
13363898
13372921
13374124
13377926
13387372
13389941
13401904
13403262
13408165
13421341
13427200
13450954
13456077
13456316
13461773
13473068
13496099
13505884
13517363
13521771
13522557
13522604
13528528
13538280
13539128
13553525
13574464
13575217
13576860
13581638
13595132
13614866
13615605
13616042
13622271
13625373
13638317
13658879
13659720
13663458
13689108
13697854
13699420
13705769
13706780
13708292
13710093
13719561
13723234
13728348
13729286
13735210
13743208
13752336
13754258
13755321
13764428
13766021
13773015
13776934
13786917
13791563
13803654
13846576
13849439
13869025
13875397
13875436
13876583
13876656
13876797
13885122
13885853
13894325
13899036
13899318
13908402
13911566
13913760
13914840
13943283
13943349
13950364
13950927
13955496
13957554
13958407
13973919
13981966
13982414
13983710
13987641
13991037
13993919
13994238
13999468
14003021
14016811
14033583
14045110
14058542
14072448
14076995
14079016
14085962
14096426
14104385
14106632
14111074
14117425
14119182
14122188
14129387
14129873
14132286
14134035
14143439
14144581
14145872
14150845
14151648
14156304
14156332
14161791
14162869
14178215
14184361
14184427
14184826
14188054
14190543
14193908
14197267
14200262
14206012
14207232
14207965
14223126
14232357
14234585
14237753
14239272
14240422
14251195
14251510
14260273
14269424
14285232
14285976
14290120
14293360
14293689
14297837
14299127
14299941
14304621
14312384
14321716
14322517
14322823
14323546
14327415
14331119
14341115
14350428
14351082
14351117
14351922
14352284
14363003
14373254
14383660
14401004
14406250
14408141
14413306
14414407
14420318
14423717
14423841
14426582
14431934
14443357
14443524
14445079
14448071
14448953
14453354
14467434
14467807
14468989
14471611
14476299
14482144
14486836
14497480
14499097
14504032
14511572
14511665
14513739
14514164
14519937
14521014
14522776
14535737
14539855
14542700
14560975
14566177
14573631
14580952
14616248
14616300
14623930
14628291
14631353
14631528
14633747
14634594
14642158
14646217
14647398
14647910
14649810
14650221
14653290
14657877
14669583
14670097
14677975
14678254
14678343
14682182
14694064
14699211
14699720
14709396
14732515
14741233
14743827
14770596
14797324
14800273
14809453
14821880
14824358
14837015
14847542
14848911
14860948
14866084
14879172
14882393
14885694
14887268
14888416
14897854
14927759
14932060
14936526
14936985
14944646
14944861
14946931
14971545
14979608
14981213
14989684
15009027
15011526
15012340
15016687
15018519
15025144
15029648
15032502
15037550
15039642
15045746
15049054
15053382
15056363
15062886
15065522
15069631
15072522
15091465
15093549
15096588
15098891
15113016
15131127
15150373
15163229
15169752
15182194
15190176
15190608
15202952
15202989
15213677
15223493
15225669
15243218
15245148
15248367
15250336
15272624
15282285
15284265
15291084
15296138
15312442
15317337
15318358
15321684
15322471
15323091
15324377
15324826
15325860
15326151
15333203
15334820
15337699
15345188
15346774
15360764
15361920
15371282
15374786
15382699
15385251
15395400
15420003
15420404
15422590
15430680
15447926
15452275
15458085
15468652
15476746
15477703
15479016
15490910
15499184
15499941
15502680
15503933
15522120
15528369
15546964
15547730
15552485
15561584
15565965
15570773
15574487
15576544
15581085
15599902
15601384
15606264
15613478
15615437
15619668
15626633
15634895
15641338
15642566
15647731
15648819
15659951
15663801
15665582
15666698
15671077
15679204
15680318
15686251
15689424
15695270
15700320
15704201
15713818
15721740
15725077
15735086
15739086
15742244
15744057
15746653
15747738
15754892
15755532
15760661
15762439
15772933
15778994
15779752
15782776
15784408
15788186
15788580
15794827
15799781
15805975
15807104
15807857
15807876
15808170
15822661
15823575
15824137
15824172
15829503
15831152
15833563
15834224
15843464
15848794
15852619
15865788
15875643
15878091
15884320
15894869
15897715
15901485
15907729
15910586
15914765
15916018
15918138
15919857
15920100
15921193
15923489
15932535
15932619
15940155
15941861
15948918
15951102
15955877
15969220
15977973
15992286
16004319
16008246
16009467
16011626
16022295
16027162
16029421
16030711
16043416
16046851
16057898
16063591
16070614
16094782
16098773
16100433
16102292
16106666
16108420
16110280
16111129
16120590
16134494
16135113
16136267
16144139
16150333
16162916
16165223
16168523
16170037
16173255
16178256
16179869
16184612
16184964
16200893
16202422
16206504
16213077
16222430
16226422
16237745
16238280
16241833
16253729
16262747
16278850
16291866
16291971
16292409
16294158
16311922
16322812
16324419
16335812
16336061
16338623
16339242
16341341
16345414
16364175
16366319
16373419
16377883
16381541
16389488
16392673
16400204
16408226
16414697
16422574
16454002
16461576
16461699
16464737
16482316
16496701
16498842
16500758
16504610
16511508
16513964
16555384
16573237
16575955
16586618
16591252
16591970
16592918
16601121
16607274
16611167
16612687
16612815
16620433
16622224
16622928
16623273
16629454
16634134
16635723
16637635
16642523
16669315
16682815
16695656
16702241
16705622
16713362
16736769
16738012
16739266
16745701
16753062
16754943
16755003
16755660
16760151
16765894
16766006
16767819
16770199
16770544
16780645
16786850
16792776
16792955
16796515
16812015
16817520
16823874
16835531
16837310
16845268
16846222
16846933
16848628
16850095
16866466
16869965
16870405
16872117
16876691
16882807
16883452
16888823
16894915
16902101
16915105
16917944
16918089
16927008
16930433
16942923
16943552
16944977
16945264
16953587
16954478
16958608
16964813
16971851
16971994
16972020
16977428
16981848
16981979
16983719
16986979
16988363
16989448
17002613
17005040
17010100
17031789
17046203
17049181
17053751
17059269
17067995
17072806
17076538
17078714
17079586
17081859
17082671
17091275
17092050
17109448
17110252
17110890
17113476
17118669
17133474
17141115
17151417
17151632
17153892
17157616
17158974
17161546
17162905
17165012
17172109
17196181
17203307
17204724
17214033
17217845
17218494
17218671
17219894
17224294
17229305
17231777
17237294
17237602
17241805
17244331
17248189
17260137
17262003
17266452
17290802
17293115
17294205
17297604
17309021
17310145
17314138
17317143
17321427
17342149
17348159
17352855
17354246
17359985
17363633
17375255
17384760
17385336
17399759
17401868
17403092
17413399
17414964
17420343
17422731
17422801
17425769
17434721
17435822
17439686
17451741
17453003
17455486
17458281
17459571
17462307
17466150
17466180
17482695
17491696
17499506
17514008
17514123
17521414
17529278
17533602
17536858
17537055
17540376
17547748
17550562
17553075
17554073
17556588
17561612
17572209
17574432
17574682
17575253
17582846
17593356
17599478
17605781
17607867
17615313
17615692
17621646
17622979
17624683
17626015
17633207
17634277
17634420
17637148
17644406
17646351
17653255
17656057
17661502
17668437
17671025
17672494
17678487
17688364
17698226
17699261
17700361
17702302
17705505
17708861
17712028
17712581
17720559
17723641
17737458
17739088
17741517
17750279
17751575
17756749
17756993
17770068
17779780
17786131
17790508
17790533
17791572
17792449
17794685
17798985
17803068
17808205
17811370
17812726
17833103
17834644
17834707
17853123
17859783
17864097
17865838
17866834
17868465
17872255
17877633
17885874
17887790
17889607
17889641
17906104
17907149
17921256
17929457
17933988
17934540
17934711
17945101
17945216
17945249
17949522
17956446
17958080
17964581
17967183
17967850
17984863
17984936
17990670
17991091
17993612
17999601
18000015
18005512
18011919
18014028
18015263
18015290
18017692
18018005
18018715
18027417
18030116
18038636
18043380
18046110
18056195
18062055
18066762
18067200
18079472
18083496
18120827
18122644
18123327
18125106
18133926
18137019
18139701
18153891
18155789
18156588
18157432
18160548
18176759
18193870
18196338
18200191
18202393
18203684
18210400
18213266
18215171
18224836
18227789
18229128
18231799
18232446
18237992
18239611
18239662
18242451
18244450
18244772
18247574
18250672
18254350
18264686
18265271
18273193
18273348
18274724
18292220
18294032
18294687
18296098
18298154
18299610
18301337
18304069
18319844
18320565
18325435
18326773
18344751
18352507
18352542
18357903
18365459
18376275
18379562
18381154
18389407
18391601
18392948
18400187
18403745
18407228
18408919
18414312
18419839
18425414
18435299
18439234
18449881
18457930
18474203
18478711
18488369
18490797
18499009
18503361
18505253
18511241
18513759
18515337
18519570
18526074
18526885
18529697
18532398
18532689
18534617
18535914
18538973
18543542
18544262
18550960
18553941
18561598
18561876
18562450
18564136
18574762
18584006
18586184
18586199
18596544
18607598
18608875
18610097
18612484
18612957
18616765
18617606
18619375
18622181
18625745
18626250
18627078
18636843
18643281
18648208
18657227
18664974
18668814
18675860
18682434
18684379
18689396
18698560
18700299
18702354
18707785
18709408
18715791
18717179
18720250
18720990
18724096
18727417
18734231
18736617
18740756
18745090
18747154
18752390
18757471
18767233
18770218
18771551
18772082
18774215
18785675
18787901
18787975
18800689
18803775
18820897
18823105
18828224
18837503
18848336
18849182
18849725
18851153
18856672
18859416
18866736
18868519
18869415
18877007
18880518
18883239
18891685
18895002
18897557
18907445
18915795
18919033
18921775
18948574
18952963
18954359
18956978
18959479
18964111
18975950
18976962
18979751
18979928
18983717
18990304
18995726
18999194
18999213
19006558
19017686
19023061
19029856
19033530
19044347
19050661
19053977
19054822
19061361
19063019
19068960
19076640
19080677
19081605
19093510
19096549
19106302
19110264
19127761
19138949
19141596
19144106
19148153
19159594
19160150
19167043
19171750
19172641
19173493
19173717
19173954
19181642
19186386
19187186
19188745
19189576
19198761
19223504
19225665
19226206
19232214
19237796
19248400
19255533
19256804
19259300
19261448
19268851
19269453
19269883
19271249
19276381
19284775
19287388
19288656
19289271
19299847
19313840
19316096
19317265
19326082
19327745
19329284
19334644
19337674
19337751
19362989
19372410
19372826
19378252
19386259
19398325
19400706
19405023
19408041
19412031
19419196
19436571
19437538
19440596
19444056
19444866
19446899
19456864
19474806
19477233
19477655
19481555
19483697
19484135
19492165
19492200
19500841
19501554
19502068
19509090
19514172
19515916
19518473
19522342
19523714
19531427
19534678
19539168
19542872
19543268
19550707
19558008
19558044
19563110
19575501
19577581
19581477
19581535
19585164
19591414
19599942
19600696
19612892
19614504
19619543
19620211
19622101
19622675
19626114
19626606
19628116
19631740
19634756
19637312
19638346
19639309
19641892
19642520
19642886
19644811
19647560
19647988
19651142
19654185
19664368
19668578
19685399
19687223
19701930
19709024
19709330
19713505
19714907
19716636
19717755
19727786
19729812
19735155
19735781
19741338
19745523
19760527
19763189
19769927
19786020
19793771
19795357
19807162
19813747
19819708
19822851
19825866
19829931
19830251
19835156
19841687
19845216
19857993
19858282
19862912
19863855
19875234
19877697
19880104
19884331
19892342
19905757
19912177
19918991
19934643
19957014
19968143
19987413
19999327
20001240
20005766
20010101
20010166
20011381
20014064
20016095
20016873
20021511
20023159
20064720
20069027
20069455
20069624
20083595
20083612
20091568
20095809
20099130
20103309
20105689
20105710
20111375
20119382
20121970
20123535
20135914
20142501
20143577
20145175
20145461
20146301
20148934
20157040
20157999
20159102
20159478
20170681
20171655
20176537
20177781
20179895
20180062
20185177
20187158
20187167
20187200
20192866
20194293
20198013
20201968
20209415
20210759
20214331
20217594
20219481
20222017
20222037
20233509
20233981
20234868
20241595
20243048
20253925
20256577
20257250
20260212
20263323
20270487
20270601
20271998
20278507
20280782
20286206
20289632
20290705
20313870
20314089
20314508
20314551
20315089
20320867
20321412
20322162
20336748
20336766
20338215
20338520
20339487
20339815
20347588
20347806
20349434
20351244
20353075
20357506
20358301
20361348
20371743
20372910
20376147
20407172
20409118
20411305
20435895
20437742
20447994
20459159
20484322
20489484
20489565
20514511
20517271
20524461
20525890
20526592
20533472
20539649
20539730
20542549
20545095
20546691
20558220
20559828
20569872
20576501
20577480
20580215
20588642
20590066
20598660
20602406
20608692
20618709
20618857
20622058
20625422
20626785
20631276
20637532
20644567
20653590
20668283
20671573
20677607
20691490
20691846
20692470
20696240
20710476
20711491
20724810
20724987
20731353
20737828
20738052
20739876
20740968
20756950
20770732
20771940
20774158
20781944
20784351
20799182
20809516
20816681
20828300
20829562
20832338
20835652
20839669
20848474
20857430
20866547
20878798
20879777
20883094
20889282
20890238
20891570
20905248
20905893
20908350
20911316
20914217
20919294
20920234
20927484
20949102
20949260
20949696
20950920
20951052
20952023
20957180
20965603
20965782
20966081
20966351
20973765
20975249
20981576
20983201
20984615
20990892
21000674
21001691
21002156
21003407
21003623
21017600
21018617
21020605
21022491
21023431
21037739
21046337
21068730
21073208
21074595
21078410
21080654
21080759
21086488
21093702
21101524
21105051
21113731
21118310
21121389
21124616
21131751
21141311
21145936
21151333
21153879
21154920
21157592
21164294
21167265
21168001
21168807
21169581
21175902
21183436
21188173
21188614
21190533
21195540
21196024
21208752
21215979
21225009
21227779
21245645
21263276
21281300
21292164
21292577
21301023
21307651
21310415
21324661
21329892
21340983
21352122
21352592
21353224
21357542
21369669
21408038
21408774
21427442
21443164
21455123
21460053
21468852
21469622
21474742
21486041
21494380
21535556
21540382
21563348
21571333
21571455
21575437
21578729
21579553
21582010
21582382
21593424
21594686
21600879
21609996
21619972
21623197
21624369
21645846
21663682
21667895
21668210
21684814
21703032
21712517
21738152
21771393
21778858
21787557
21787857
21796578
21802106
21810860
21831091
21832805
21835473
21848715
21850003
21863761
21870550
21895340
21909739
21911455
21919193
21926823
21939515
21944332
21945168
21965696
21967506
21971200
21971554
21982335
21983374
21983431
22009276
22010033
22032832
22035706
22038144
22043240
22063183
22067429
22084871
22086377
22087190
22091391
22094842
22106300
22112608
22118969
22125426
22134655
22140233
22149333
22166310
22168748
22173618
22179233
22187448
22193784
22200111
22210372
22211874
22217575
22219954
22238593
22256031
22257652
22262428
22272281
22278215
22297293
22303172
22309392
22310946
22311465
22313915
22317569
22321585
22338272
22348239
22359467
22365720
22367694
22378100
22393125
22402947
22417029
22417134
22417928
22424932
22436571
22441361
22442179
22447248
22457538
22459009
22464775
22487982
22496284
22500249
22509307
22513363
22524358
22524495
22525497
22529741
22538729
22555519
22556239
22562297
22580878
22586598
22624681
22646432
22688623
22707062
22713887
22714670
22716705
22719462
22721011
22721286
22722170
22724478
22730379
22733144
22734598
22735184
22737754
22742788
22743683
22752695
22763848
22785479
22798179
22798215
22799546
22804302
22808777
22823772
22828502
22828793
22830764
22830890
22831411
22838842
22848578
22849176
22862926
22869585
22869797
22870061
22904375
22919167
22919919
22926021
22927829
22933806
22937824
22949789
22954005
22958593
22966942
22974800
22983855
22987789
22993968
23014818
23024799
23033689
23036348
23053080
23056813
23059378
23073893
23074562
23080794
23090741
23121147
23127095
23140321
23142721
23155121
23163890
23167206
23173635
23175353
23177327
23186435
23197232
23198216
23200673
23209309
23223451
23224921
23230175
23231509
23231774
23233019
23241328
23249425
23250694
23254202
23265223
23271677
23272125
23282123
23289393
23294122
23297201
23320235
23326581
23331611
23341138
23341189
23344125
23348526
23353464
23369769
23370871
23374071
23385200
23390740
23402467
23402501
23403784
23408795
23422028
23426734
23426949
23427269
23449725
23451306
23454589
23457414
23463463
23468533
23472180
23473109
23484971
23485370
23490342
23499986
23501981
23505784
23517356
23525606
23528157
23543181
23554404
23557208
23563100
23564096
23572315
23584881
23595600
23629198
23632973
23634005
23640160
23644908
23659264
23664665
23668885
23677790
23680414
23682388
23682475
23683465
23687974
23692257
23701939
23704711
23718787
23735112
23736003
23750171
23763327
23765019
23778925
23784438
23788862
23795146
23800273
23801262
23801984
23807532
23817362
23851073
23851522
23862887
23866743
23871736
23877332
23879168
23917504
23917730
23920585
23934233
23936946
23960574
23971889
23993512
23995256
24013631
24021283
24023088
24049094
24050002
24064524
24069360
24071633
24073881
24079903
24082338
24084502
24097109
24097444
24100869
24105650
24110713
24111403
24117076
24120133
24129769
24133631
24133977
24136179
24138506
24143606
24147358
24156315
24161828
24163449
24177982
24179258
24181980
24182181
24187046
24190391
24191298
24192384
24197712
24198118
24203570
24204778
24205218
24212838
24217560
24217950
24220923
24222672
24225132
24226153
24228425
24229989
24232127
24246849
24249805
24250090
24251505
24252011
24252294
24262010
24263551
24267948
24277081
24284208
24287439
24293264
24294489
24301480
24308533
24320884
24332445
24335497
24338116
24339493
24350150
24353042
24353770
24364904
24380837
24388830
24391829
24393306
24395351
24396447
24399636
24402107
24405259
24413571
24416749
24418307
24419698
24428508
24431287
24432954
24434047
24440658
24441462
24446712
24453012
24457471
24458573
24459867
24469361
24481190
24489352
24495898
24502732
24503392
24511543
24513234
24514326
24516016
24523088
24530429
24530965
24535724
24540226
24544194
24548580
24551955
24552318
24554526
24554681
24558153
24560678
24568257
24571408
24574093
24581741
24585800
24590643
24592726
24598855
24600180
24604238
24604364
24605540
24611379
24621161
24622012
24623718
24625499
24633645
24642214
24642223
24643509
24645735
24646732
24656379
24659624
24666590
24675446
24676700
24680349
24683498
24706639
24707037
24707891
24707898
24719356
24723464
24731247
24731608
24733561
24737753
24743351
24751995
24754352
24772398
24773690
24779419
24780757
24782671
24783036
24788577
24791949
24795530
24806877
24812762
24816538
24817588
24818558
24819705
24825985
24837127
24838974
24845784
24850215
24853417
24857011
24865163
24872723
24877323
24880911
24887439
24890614
24896683
24899992
24902000
24908808
24908817
24915508
24916692
24916974
24925245
24926847
24933487
24935703
24940106
24941585
24943822
24953571
24954329
24967407
24969344
24973444
24975868
24980726
24989949
24991003
24997506
25009706
25022383
25023937
25031287
25036408
25037765
25044570
25056308
25059458
25059792
25066221
25067268
25070688
25073931
25084811
25090332
25095354
25101928
25102126
25105642
25107248
25116314
25116552
25125548
25125764
25129553
25137982
25140298
25150894
25154577
25158212
25168695
25169730
25175205
25178775
25197624
25200815
25201829
25203545
25210981
25215785
25216378
25219939
25220824
25223540
25223672
25227716
25232181
25236332
25240199
25241817
25246112
25255022
25260686
25265047
25267883
25282874
25289415
25301102
25312709
25314008
25320074
25332456
25340452
25340716
25345006
25347393
25369358
25371857
25383531
25385895
25415214
25418119
25433348
25444269
25446135
25446400
25447911
25450247
25450736
25454953
25462672
25463819
25466243
25475644
25479078
25481247
25486424
25489069
25489421
25497662
25504373
25506803
25507652
25508025
25514394
25521356
25526327
25527551
25554066
25561237
25561538
25566388
25576554
25598611
25600216
25601493
25610788
25610989
25612325
25641511
25644863
25649229
25669778
25690905
25704014
25708680
25709013
25715723
25722462
25733097
25742399
25744719
25748304
25748614
25770852
25778980
25785454
25785818
25788894
25791790
25795796
25806544
25841466
25849998
25851685
25852187
25865305
25865495
25874835
25876213
25890843
25894579
25914505
25915312
25940679
25943951
25947345
25950481
25961650
25963594
25967461
25968360
25981018
25987438
25988512
25990825
25993648
25998600
25998987
26016250
26019115
26019846
26043123
26044696
26054853
26064455
26064594
26067061
26069811
26072725
26074649
26076257
26082137
26089359
26089637
26092225
26099805
26102876
26105189
26105869
26114067
26123614
26127121
26133516
26133584
26134936
26138953
26140133
26144203
26144281
26149182
26150626
26150854
26151567
26158689
26168742
26181727
26190525
26190787
26195608
26202022
26202226
26203238
26204344
26204666
26206805
26207137
26209778
26212768
26218485
26220612
26222223
26230371
26235361
26235758
26239464
26242783
26295380
26296294
26306819
26313114
26328001
26332220
26337154
26346444
26362568
26367742
26376016
26378441
26386825
26387849
26390587
26402084
26409724
26415916
26416640
26421411
26429558
26437960
26449293
26449807
26451885
26459936
26485468
26500451
26506154
26507234
26508664
26512786
26520213
26532149
26543008
26550281
26553975
26562565
26563930
26568113
26568681
26568713
26577388
26580011
26584348
26591515
26600627
26608496
26609761
26610458
26611703
26624895
26627896
26634988
26637237
26643338
26648174
26668188
26676048
26679026
26688978
26689843
26697024
26703019
26705863
26706039
26710153
26711220
26711234
26712114
26717412
26718864
26733310
26733427
26740675
26764287
26782657
26793217
26799314
26803580
26812672
26816958
26830578
26835863
26841612
26842753
26870382
26889611
26892093
26895139
26936714
26937703
26937758
26941478
26943026
26951607
26956827
26958226
26990856
27032815
27061240
27069099
27071566
27086676
27086706
27086737
27086768
27086798
27089991
27090662
27104461
27108025
27116583
27124215
27142984
27145985
27147559
27176219
27176521
27192149
27193268
27205305
27206244
27210354
27212628
27222677
27227530
27234648
27256676
27261587
27264586
27269327
27270510
27274148
27290541
27293053
27298029
27299221
27304134
27304871
27325695
27328713
27329698
27344496
27345109
27345125
27348269
27348656
27350010
27356864
27367482
27376873
27395690
27403347
27421339
27423814
27426456
27433067
27444413
27446707
27455012
27458596
27474096
27474580
27486805
27491258
27511105
27541691
27541962
27545376
27554887
27570060
27571363
27597785
27606762
27636165
27655962
27667934
27670583
27685527
27696405
27708083
27741342
27760250
27762359
27767039
27769196
27770624
27776892
27776902
27790136
27791562
27797358
27809321
27816659
27825552
27829466
27829889
27833759
27863213
27875719
27876408
27883457
27887361
27889337
27892857
27896689
27903479
27917012
27917332
27921392
27922299
27922433
27929286
27933908
27952180
27964479
27967350
27986016
27986795
27986869
27995913
27999188
28014072
28017695
28018788
28020991
28027201
28032224
28037442
28039344
28043056
28046359
28047675
28051563
28075822
28077256
28081517
28088443
28089429
28101228
28103925
28113851
28114493
28123265
28126068
28131470
28138733
28148938
28152721
28159559
28160465
28166461
28174234
28174387
28192262
28195733
28199844
28203197
28214387
28232740
28234545
28238249
28247670
28248205
28260953
28263140
28268420
28272893
28275024
28278699
28296083
28296977
28302729
28312996
28317514
28317524
28331373
28332885
28339029
28341821
28348238
28350545
28351075
28355007
28358626
28381918
28388005
28391945
28396070
28397677
28401054
28402481
28410419
28416338
28424113
28432793
28454598
28456710
28463926
28487636
28491729
28497059
28502043
28503792
28506836
28513062
28523661
28540021
28542757
28560585
28566210
28572413
28580690
28586134
28587472
28606081
28612169
28618277
28625816
28641828
28644064
28683342
28685102
28689203
28706268
28710443
28712092
28713440
28716911
28719532
28726481
28744348
28747246
28756826
28762819
28763415
28764431
28770458
28781868
28795235
28802066
28807769
28810985
28815103
28816169
28816903
28826496
28828865
28829259
28841150
28841552
28841560
28846223
28854296
28855298
28856442
28860357
28875650
28883279
28886841
28888040
28889218
28895268
28897301
28899291
28904722
28909016
28909764
28925342
28928955
28948162
28949288
28951358
28954534
28955208
28955357
28958624
28973080
28983842
28992271
28993589
29018919
29028877
29031378
29034880
29049597
29074876
29078373
29099769
29103026
29118926
29127011
29131194
29139037
29163994
29174012
29178706
29207108
29209783
29211334
29214626
29219993
29223150
29241507
29244395
29244790
29245558
29248313
29249620
29260990
29261157
29266680
29268705
29270596
29286006
29293763
29295714
29296975
29314033
29320314
29322227
29325288
29355122
29361492
29379109
29379590
29380137
29381805
29397977
29401216
29405936
29411471
29426416
29429971
29434444
29448841
29460470
29471374
29476493
29477418
29492114
29493541
29495034
29495405
29497060
29500007
29501425
29507899
29510396
29511379
29516592
29518451
29519671
29520894
29530725
29535558
29545442
29560085
29567383
29595390
29597845
29607292
29617270
29636131
29651787
29656562
29658790
29664063
29664793
29682994
29688931
29691689
29701429
29707273
29707804
29708839
29710524
29713221
29714057
29719047
29723824
29725917
29726578
29731706
29732090
29742342
29742400
29742786
29745157
29746501
29763636
29783441
29816387
29818302
29818913
29820082
29823187
29834978
29835844
29837682
29882889
29884840
29893611
29896003
29905547
29922252
29929953
29931264
29954832
29959831
29962095
29969756
29973223
29988850
29997071
29997293
30006085
30011018
30016136
30024867
30026214
30026688
30027880
30031773
30033638
30034334
30037434
30037472
30046093
30046521
30047705
30054983
30060492
30063652
30063794
30066919
30070993
30076876
30077313
30077829
30078114
30090767
30115717
30116121
30121219
30123634
30126962
30127393
30127484
30128933
30135751
30137964
30139937
30142506
30142755
30143503
30145292
30148387
30149288
30160041
30164936
30187390
30190778
30201598
30208123
30220785
30221581
30224126
30226105
30247143
30257864
30274857
30279585
30285454
30287523
30299386
30300953
30328478
30332261
30335392
30345723
30347738
30361920
30364676
30366213
30366251
30366912
30389610
30396335
30400757
30403362
30403530
30406581
30411962
30412593
30412799
30435966
30447638
30460153
30468291
30480250
30486219
30492822
30502280
30515735
30526433
30526456
30533271
30533823
30540701
30541030
30548511
30548517
30572179
30573011
30578794
30584009
30601664
30604524
30618959
30622214
30622892
30623013
30639967
30641130
30642053
30662632
30664112
30669334
30671870
30681165
30687220
30688423
30689503
30692040
30692112
30705946
30705967
30707189
30719815
30729270
30732985
30742930
30745041
30748919
30757963
30758659
30775126
30788993
30789725
30791456
30794412
30806597
30816533
30816571
30827449
30828988
30849494
30849708
30878204
30898386
30929456
30929775
30939003
30945527
30945900
30946209
30947608
30956063
30986888
31001112
31034587
31036541
31051483
31052781
31078859
31102531
31104222
31110312
31117101
31132631
31134146
31135003
31135744
31144004
31144044
31157394
31159556
31161548
31171601
31174887
31179167
31179437
31184834
31185115
31190730
31192331
31204117
31215707
31216024
31217056
31222582
31233814
31238488
31248455
31257525
31259457
31260085
31266071
31270344
31270709
31277445
31281056
31288728
31294107
31299766
31308402
31322574
31334638
31335794
31338752
31339527
31345341
31348702
31355095
31356632
31364784
31371262
31373561
31377307
31385189
31387050
31391437
31392919
31402541
31426367
31429576
31430002
31433429
31434132
31441633
31448513
31466074
31466129
31479205
31488863
31493369
31503913
31503946
31521247
31538030
31541690
31552327
31554516
31560198
31568878
31573376
31574014
31581314
31590609
31595272
31599954
31615332
31615397
31657174
31658687
31670909
31676131
31693421
31699717
31700509
31704817
31706097
31708090
31709036
31737191
31740526
31744422
31749682
31758306
31763362
31774075
31776411
31779415
31783024
31783689
31786130
31789607
31794782
31797919
31806279
31817554
31820709
31830751
31833359
31833491
31848082
31849655
31860711
31861605
31874673
31875834
31877701
31881396
31889118
31901766
31904059
31925583
31926993
31927935
31928157
31942922
31944057
31950855
31961396
31978163
31981018
31988266
31993991
32009276
32011618
32013017
32021048
32024095
32031099
32034628
32035745
32040343
32041593
32042136
32043544
32043738
32068588
32069931
32070485
32071178
32077921
32083119
32083524
32095233
32095322
32095658
32107376
32109992
32112129
32112846
32116938
32117084
32132123
32138092
32139616
32152638
32163831
32165037
32176876
32182696
32183126
32189880
32200220
32207354
32210654
32214448
32217670
32233729
32234674
32241559
32242471
32243122
32252090
32270009
32278029
32278109
32281287
32281969
32296122
32299521
32304267
32306355
32310067
32316463
32321121
32323321
32328474
32330988
32334966
32336075
32353802
32366462
32366508
32369161
32378345
32382770
32386093
32387912
32404164
32404722
32411580
32417135
32422036
32456087
32460476
32471514
32475072
32496105
32513938
32523912
32532984
32547350
32557774
32563424
32569633
32573084
32578046
32590561
32592024
32595642
32606401
32617857
32620381
32624893
32628409
32634433
32640319
32642387
32649552
32650353
32664339
32674308
32685500
32692066
32716062
32733311
32734619
32743658
32745690
32747829
32754259
32754438
32754472
32782709
32790121
32796934
32810571
32827782
32890453
32894045
32963757
32974563
32975359
33001125
33012150
33016204
33024033
33028906
33030876
33045371
33045934
33046317
33050844
33064544
33074523
33076954
33078611
33087393
33109521
33111122
33115715
33116427
33122572
33126244
33160190
33160611
33165910
33168013
33176162
33176386
33176730
33211615
33218576
33224099
33225098
33249772
33259544
33264700
33275395
33276073
33276270
33279074
33281323
33282153
33305515
33306098
33306716
33323681
33333459
33336998
33337290
33340809
33347446
33349150
33349443
33388822
33411830
33414387
33418385
33422383
33431782
33443071
33451126
33451536
33458156
33462213
33462296
33474436
33489768
33490125
33522640
33527392
33532084
33546129
33548969
33558701
33562488
33563705
33596950
33600952
33605126
33618261
33620457
33639918
33664973
33672910
33673980
33684166
33696719
33696926
33697614
33698239
33705015
33706438
33713597
33716482
33723708
33733486
33733820
33738254
33747601
33750256
33751408
33765274
33769348
33770484
33779023
33788319
33788822
33798069
33798409
33809476
33818952
33824271
33832358
33832367
33833536
33843155
33852581
33859672
33862816
33865317
33876118
33877284
33885997
33886403
33893291
33905358
33916302
33933236
33935408
33938533
33952463
33956586
33971885
33979691
33997250
34007536
34015907
34018806
34018817
34039150
34045262
34046125
34046252
34046400
34053687
34131988
34132914
34146410
34150005
34160327
34167702
34169469
34170156
34206370
34210074
34225650
34229467
34232621
34237050
34237230
34237432
34241886
34242412
34243727
34268415
34307455
34368986
34372549
34374369
34381276
34396200
34416049
34419097
34439340
34450427
34454869
34481291
34481298
34486741
34494682
34506217
34513924
34549287
34552162
34560363
34591583
34593341
34594012
34610177
34613122
34628264
34635663
34641291
34661461
34713741
34731050
34737277
34739783
34741677
34743502
34746805
34748193
34755511
34758408
34762093
34766608
34772088
34774868
34776738
34776910
34777625
34780618
34797211
34798832
34804251
34823963
34836552
34840118
34858845
34882994
34899176
34915024
34916300
34926691
34927908
34929361
34933141
34943965
34949590
34951592
34956518
34961267
34964870
34973008
34975476
34977546
34979927
34983002
35007258
35009865
35019254
35020038
35036083
35044572
35058361
35058917
35076317
35081474
35082752
35097114
35097467
35101737
35103112
35111973
35135611
35140453
35142974
35149389
35151679
35160810
35165784
35167602
35175698
35179687
35187834
35192904
35193104
35194014
